{
    "admissible_graphs": [
        "5:", 
        "5:12", 
        "5:1213", 
        "5:121314", 
        "5:12131415", 
        "5:1234", 
        "5:121323", 
        "5:121324", 
        "5:121345", 
        "5:12131423", 
        "5:12131425", 
        "5:1213141523", 
        "5:12132434", 
        "5:12132435", 
        "5:1213142324", 
        "5:1213142325", 
        "5:1213142535", 
        "5:121314152324", 
        "5:121314253545", 
        "5:12131415232425", 
        "5:12132345", 
        "5:1213142345", 
        "5:121314152345", 
        "5:121314232434", 
        "5:121314232435", 
        "5:12131415232434", 
        "5:1213243545", 
        "5:121314232545", 
        "5:12131415232435", 
        "5:12131423243545", 
        "5:1213141523242534", 
        "5:1213141523243545", 
        "5:121314152324253435"
    ], 
    "description": "2-graph; maximize 2:12 density; forbid 5:12131415232425343545", 
    "number_of_admissible_graphs": 33, 
    "bound": "3/4", 
    "types": [
        "1:", 
        "3:", 
        "3:12", 
        "3:1213", 
        "3:121323"
    ], 
    "number_of_types": 5, 
    "admissible_graph_densities": [
        0, 
        "1/10", 
        "1/5", 
        "3/10", 
        "2/5", 
        "1/5", 
        "3/10", 
        "3/10", 
        "3/10", 
        "2/5", 
        "2/5", 
        "1/2", 
        "2/5", 
        "2/5", 
        "1/2", 
        "1/2", 
        "1/2", 
        "3/5", 
        "3/5", 
        "7/10", 
        "2/5", 
        "1/2", 
        "3/5", 
        "3/5", 
        "3/5", 
        "7/10", 
        "1/2", 
        "3/5", 
        "7/10", 
        "7/10", 
        "4/5", 
        "4/5", 
        "9/10"
    ], 
    "numbers_of_flags": [
        6, 
        8, 
        8, 
        8, 
        8
    ], 
    "flags": [
        [
            "3:(1)", 
            "3:12(1)", 
            "3:23(1)", 
            "3:1223(1)", 
            "3:1213(1)", 
            "3:121323(1)"
        ], 
        [
            "4:(3)", 
            "4:14(3)", 
            "4:24(3)", 
            "4:34(3)", 
            "4:1424(3)", 
            "4:1434(3)", 
            "4:2434(3)", 
            "4:142434(3)"
        ], 
        [
            "4:12(3)", 
            "4:1214(3)", 
            "4:1224(3)", 
            "4:1234(3)", 
            "4:121424(3)", 
            "4:121434(3)", 
            "4:122434(3)", 
            "4:12142434(3)"
        ], 
        [
            "4:1213(3)", 
            "4:121314(3)", 
            "4:121324(3)", 
            "4:121334(3)", 
            "4:12131424(3)", 
            "4:12131434(3)", 
            "4:12132434(3)", 
            "4:1213142434(3)"
        ], 
        [
            "4:121323(3)", 
            "4:12131423(3)", 
            "4:12132324(3)", 
            "4:12132334(3)", 
            "4:1213142324(3)", 
            "4:1213142334(3)", 
            "4:1213232434(3)", 
            "4:121314232434(3)"
        ]
    ], 
    "order_of_admissible_graphs": 5, 
    "qdash_matrices": [
        [
            [
                "96370910531461/198137711001600", 
                0, 
                0, 
                0, 
                0
            ], 
            [
                "20296337325891871/98683812384216064", 
                0, 
                0, 
                0
            ], 
            [
                "5907141530050724701/20783449421713275904", 
                0, 
                0
            ], 
            [
                "1772602343096359820790531040631/1976702479253266577849207193600", 
                0
            ], 
            [
                "208625655588357152164044337766461180811/335465986088298230046107642136799503360"
            ]
        ], 
        [
            [
                "897911597881/2229049248768", 
                0, 
                0, 
                0, 
                0, 
                0, 
                0
            ], 
            [
                "1651430161895563/919461476230144", 
                0, 
                0, 
                0, 
                0, 
                0
            ], 
            [
                "1405134474997693779/845532242890528256", 
                0, 
                0, 
                0, 
                0
            ], 
            [
                "1399/1024", 
                0, 
                0, 
                0
            ], 
            [
                "1049/1024", 
                0, 
                0
            ], 
            [
                "1898753585/1502772224", 
                0
            ], 
            [
                "1843397796751/1944323671040"
            ]
        ], 
        [
            [
                "205/256", 
                0, 
                0, 
                0, 
                0, 
                0, 
                0, 
                0
            ], 
            [
                "857179/839680", 
                0, 
                0, 
                0, 
                0, 
                0, 
                0
            ], 
            [
                "86487657/109718912", 
                0, 
                0, 
                0, 
                0, 
                0
            ], 
            [
                "108351156191/236168962048", 
                0, 
                0, 
                0, 
                0
            ], 
            [
                "113308643428555/83213687954688", 
                0, 
                0, 
                0
            ], 
            [
                "64033744829274667/116028050870840320", 
                0, 
                0
            ], 
            [
                "501/512", 
                0
            ], 
            [
                "402939/171008"
            ]
        ], 
        [
            [
                "755/1024", 
                0, 
                0, 
                0, 
                0, 
                0, 
                0
            ], 
            [
                "1326719/773120", 
                0, 
                0, 
                0, 
                0, 
                0
            ], 
            [
                "1761803387/1358560256", 
                0, 
                0, 
                0, 
                0
            ], 
            [
                "1470836646777/1804086668288", 
                0, 
                0, 
                0
            ], 
            [
                "666189691294505/753068363149824", 
                0, 
                0
            ], 
            [
                "19/8", 
                0
            ], 
            [
                "8318583/2490368"
            ]
        ], 
        [
            [
                "217/256", 
                0, 
                0, 
                0, 
                0, 
                0, 
                0
            ], 
            [
                "370835/222208", 
                0, 
                0, 
                0, 
                0, 
                0
            ], 
            [
                "6539127649/303788032", 
                0, 
                0, 
                0, 
                0
            ], 
            [
                "583/512", 
                0, 
                0, 
                0
            ], 
            [
                "875/1024", 
                0, 
                0
            ], 
            [
                "743341843/522368000", 
                0
            ], 
            [
                "1624026112857/1522364094464"
            ]
        ]
    ], 
    "r_matrices": [
        [
            [
                "88840631213277/96370910531461", 
                "3131637628395235356/60746937616394369903", 
                "-951787365658523872740/17680074599441819030093", 
                "-456948600959928642761549518001163/4787798928703267875955224340744331", 
                "-3/82"
            ], 
            [
                "2708914017600/96370910531461", 
                1, 
                0, 
                0, 
                0
            ], 
            [
                "-23799744583200/96370910531461", 
                "-14026069245022889/20296337325891871", 
                1, 
                0, 
                0
            ], 
            [
                "45875481765523/289112731594383", 
                "-86852897808299677975/182240812849183109709", 
                "12000144526674863526115/53040223798325457090279", 
                "2046107322943696019385927232737353/4787798928703267875955224340744331", 
                "-9/41"
            ], 
            [
                "90498460710301/289112731594383", 
                "792263059807885586/2496449491084700133", 
                "153641691452269263550/726578408196239138223", 
                "21143626930845587515350542327027/65586286694565313369249648503347", 
                "73/82"
            ], 
            [
                "-45181675909104/96370910531461", 
                "18789825770371412136/60746937616394369903", 
                "-5710724193951143236440/17680074599441819030093", 
                "-2741691605759571856569297108006978/4787798928703267875955224340744331", 
                "-9/41"
            ]
        ], 
        [
            [
                "9/10", 
                0, 
                0, 
                0, 
                0, 
                0, 
                0
            ], 
            [
                "-38456904357/897911597881", 
                "1/3", 
                0, 
                "1/2", 
                "1/3", 
                0, 
                0
            ], 
            [
                "-38456904357/897911597881", 
                "1/3", 
                0, 
                "-1/2", 
                "1/3", 
                0, 
                0
            ], 
            [
                "-38456904357/897911597881", 
                "1/3", 
                0, 
                0, 
                "-2/3", 
                0, 
                0
            ], 
            [
                "-81267420528/897911597881", 
                "-210462071397772/4954290485686689", 
                "1/3", 
                "1/8394", 
                "196/3147", 
                "1898729673/3797507170", 
                "1/3"
            ], 
            [
                "-81267420528/897911597881", 
                "-210462071397772/4954290485686689", 
                "1/3", 
                "391/8394", 
                "-98/3147", 
                "-1898777497/3797507170", 
                "1/3"
            ], 
            [
                "-81267420528/897911597881", 
                "-210462071397772/4954290485686689", 
                "1/3", 
                "-196/4197", 
                "-98/3147", 
                "23912/1898753585", 
                "-2/3"
            ], 
            [
                "-3/10", 
                0, 
                0, 
                0, 
                0, 
                0, 
                0
            ]
        ], 
        [
            [
                1, 
                0, 
                0, 
                0, 
                0, 
                0, 
                0, 
                0
            ], 
            [
                "-89/1640", 
                "1/2", 
                0, 
                0, 
                0, 
                0, 
                "1/2", 
                0
            ], 
            [
                "-89/1640", 
                "1/2", 
                0, 
                0, 
                0, 
                0, 
                "-1/2", 
                0
            ], 
            [
                "-21/820", 
                "-60909/857179", 
                1, 
                0, 
                0, 
                0, 
                0, 
                0
            ], 
            [
                "-81/820", 
                "-12129/857179", 
                "-21465315/230633752", 
                1, 
                0, 
                0, 
                0, 
                0
            ], 
            [
                "-17/820", 
                "-64653/857179", 
                "47079865/1383802512", 
                "-4261647807/216702312382", 
                "1/2", 
                0, 
                "-27/334", 
                "1/2"
            ], 
            [
                "-17/820", 
                "-64653/857179", 
                "47079865/1383802512", 
                "-4261647807/216702312382", 
                "1/2", 
                0, 
                "27/334", 
                "-1/2"
            ], 
            [
                "-33/410", 
                "-26374/857179", 
                "-9249522/28829219", 
                "-20083068104/108351156191", 
                "-53372412684987/226617286857110", 
                1, 
                0, 
                0
            ]
        ], 
        [
            [
                1, 
                0, 
                0, 
                0, 
                0, 
                0, 
                0
            ], 
            [
                "-2531/22650", 
                "5412101/6633595", 
                "-48611186/5285410161", 
                "38690094179/8825019880662", 
                "-1/6", 
                0, 
                0
            ], 
            [
                "-36/755", 
                "138657/2653438", 
                "1/2", 
                0, 
                0, 
                "1/2", 
                0
            ], 
            [
                "-36/755", 
                "138657/2653438", 
                "1/2", 
                0, 
                0, 
                "-1/2", 
                0
            ], 
            [
                "7/1510", 
                "35563/2653438", 
                "-215267155/3523606774", 
                "1/2", 
                0, 
                "61/4864", 
                "1/2"
            ], 
            [
                "7/1510", 
                "35563/2653438", 
                "-215267155/3523606774", 
                "1/2", 
                0, 
                "-61/4864", 
                "-1/2"
            ], 
            [
                "-65/906", 
                "-105225/1326719", 
                "243055930/5285410161", 
                "-193450470895/8825019880662", 
                "5/6", 
                0, 
                0
            ], 
            [
                "1039/11325", 
                "-2442988/6633595", 
                "-97222372/5285410161", 
                "38690094179/4412509940331", 
                "-1/3", 
                0, 
                0
            ]
        ], 
        [
            [
                1, 
                0, 
                0, 
                0, 
                0, 
                0, 
                0
            ], 
            [
                "43/651", 
                "1/3", 
                0, 
                "1/2", 
                "1/3", 
                0, 
                0
            ], 
            [
                "43/651", 
                "1/3", 
                0, 
                "-1/2", 
                "1/3", 
                0, 
                0
            ], 
            [
                "43/651", 
                "1/3", 
                0, 
                0, 
                "-2/3", 
                0, 
                0
            ], 
            [
                "2773/10416", 
                "25769/445002", 
                "1/12", 
                "1/3498", 
                "-31/1750", 
                "2230025713/4460051058", 
                "1/3"
            ], 
            [
                "2773/10416", 
                "25769/445002", 
                "1/12", 
                "-47/3498", 
                "3/350", 
                "-2230025345/4460051058", 
                "1/3"
            ], 
            [
                "2773/10416", 
                "25769/445002", 
                "1/12", 
                "23/1749", 
                "8/875", 
                "-184/2230025529", 
                "-2/3"
            ], 
            [
                "-2773/3472", 
                "-25769/148334", 
                "-1/4", 
                0, 
                0, 
                0, 
                0
            ]
        ]
    ]
}

code

from flagmatic.all import *

problem = GraphProblem(5,
  density=[("2:12",1)],
  forbid=["5:12131415232425343545"],
  minimize=False);

construction = GraphBlowupConstruction("4:121314232434");
problem.set_extremal_construction(construction);

problem.solve_sdp();

print("\n\n\nsdp q matrices:\n", problem._sdp_Q_matrices, "\n\n\n")

problem.make_exact();

print("\n\n\ninverse flag bases:\n", problem._inverse_flag_bases, "\n\n\n")

print("\n\n\nexact qdash matrices:\n", problem._exact_Qdash_matrices, "\n\n\n")

print("\n\n\nexact q matrices:\n", problem._exact_Q_matrices, "\n\n\n")

problem.write_certificate("/home/flagmaster/Documents/k5testcert.json")







output on consoleÑ

Forbidding 5:12131415232425343545 as a subgraph.
Generating graphs...
Generated 33 graphs.
Generating types and flags...
Generated 1 types of order 1, with [6] flags of order 3.
Generated 4 types of order 3, with [8, 8, 8, 8] flags of order 4.
Computing products.....
Determining which graphs appear in construction...
Density of construction is 3/4.
Found 1 zero eigenvectors for type 0.
Found 1 zero eigenvectors for type 1.
Found 0 zero eigenvectors for type 2.
Found 1 zero eigenvectors for type 3.
Found 1 zero eigenvectors for type 4.
Writing SDP input file...
Running SDP solver...
Reading output file...
Returncode is 0. Objective value is 0.75.
Checking numerical bound...
Bound of 3/4 appears to have been met.
The following 6 graphs appear to be sharp:
0.749999975678 : graph 0 (5:)
0.749999999301 : graph 4 (5:12131415)
0.750000000145 : graph 18 (5:121314253545)
0.750000000567 : graph 19 (5:12131415232425)
0.750000000707 : graph 31 (5:1213141523243545)
0.750000000567 : graph 32 (5:121314152324253435)
('\n\n\nsdp q matrices:\n', [[  0.42735797657097674  0.023289271520008186  -0.13310164969266564   0.03029117845512686   0.09298970173895259  -0.14801244476700792]
[ 0.023289271520008186   0.20565914311745986  -0.14564580595403753  -0.09578222844251352   0.06980604200233348  0.056997666527722195]
[ -0.13310164969266564  -0.14564580595403753    0.4120075478199961   0.11287231795883923 -0.022539572030347958  -0.07941885903478565]
[  0.03029117845512686  -0.09578222844251352   0.11287231795883923    0.2674150042921884  0.008528298328165537   -0.2767275584307844]
[  0.09298970173895259   0.06980604200233348 -0.022539572030347958  0.008528298328165537    0.6674754551423853   -0.3577640965423883]
[ -0.14801244476700792  0.056997666527722195  -0.07941885903478565   -0.2767275584307844   -0.3577640965423883   0.48027813127711383], [    0.3226419991072124  -0.015552043182041663  -0.015552043182041638  -0.015552043182041666  -0.032788475093587746   -0.03278847509358783   -0.03278847509358781   -0.10754733954727715]
[ -0.015552043182041663     0.6556183562599031   -0.02734947514823019  -0.027349475148230277 -0.0026660586227083755 -0.0026660586227083855   -0.06631181777646354   0.005184018678072237]
[ -0.015552043182041638   -0.02734947514823019     0.6556183562599026  -0.027349475148230246  -0.002666058622708372    -0.0663118177764635 -0.0026660586227083842   0.005184018678072225]
[ -0.015552043182041666  -0.027349475148230277  -0.027349475148230246     0.6556183562599034    -0.0663118177764634  -0.002666058622708361  -0.002666058622708376   0.005184018678072237]
[ -0.032788475093587746 -0.0026660586227083755  -0.002666058622708372    -0.0663118177764634     0.6164201909683211  -0.021397097338939443  -0.021397097338939464   0.010929507430351962]
[  -0.03278847509358783 -0.0026660586227083855    -0.0663118177764635  -0.002666058622708361  -0.021397097338939443     0.6164201909683221  -0.021397097338939453    0.01092950743035199]
[  -0.03278847509358781   -0.06631181777646354 -0.0026660586227083842  -0.002666058622708376  -0.021397097338939464  -0.021397097338939453     0.6164201909683222   0.010929507430351985]
[  -0.10754733954727715   0.005184018678072237   0.005184018678072225   0.005184018678072237   0.010929507430351962    0.01092950743035199   0.010929507430351985   0.035849118165184296], [   0.8011036459583812  -0.04349510094998142  -0.04349510094998172 -0.020902065908639862  -0.07920405355289725 -0.016585615285268022 -0.016585615285268092  -0.06398961992433377]
[ -0.04349510094998142    0.5023823397141934  0.012935362051085014  -0.03493211443998446 -0.003128299629240708  -0.07722409896502398 0.0018461331233388405 -0.012207298783718077]
[ -0.04349510094998172  0.012935362051085014    0.5023823397141937 -0.034932114439984674 -0.003128299629240299 0.0018461331233388886  -0.07722409896502426 -0.012207298783717933]
[-0.020902065908639862  -0.03493211443998446 -0.034932114439984674    0.7938988951268399   -0.0703738233794542  0.032893997536746725  0.032893997536746634  -0.24926415678049543]
[ -0.07920405355289725 -0.003128299629240708 -0.003128299629240299   -0.0703738233794542    0.4731900441735374  -0.00888928975274142  -0.00888928975274145  -0.05424094553310661]
[-0.016585615285268022  -0.07722409896502398 0.0018461331233388886  0.032893997536746725  -0.00888928975274142    0.9430936388191136   -0.2476657141400681  -0.16344575876369932]
[-0.016585615285268092 0.0018461331233388405  -0.07722409896502426  0.032893997536746634  -0.00888928975274145   -0.2476657141400681    0.9430936388191149   -0.1634457587636994]
[ -0.06398961992433377 -0.012207298783718077 -0.012207298783717933  -0.24926415678049543  -0.05424094553310661  -0.16344575876369932   -0.1634457587636994    0.7304352478638587], [   0.7371277663122777   -0.0825763549859282 -0.034990188547339686  -0.03499018854733965 0.0031956195623322457 0.0031956195623321893  -0.05256452415347056   0.06757025937012097]
[  -0.0825763549859282    1.1764545066383412   0.07120245130598223   0.07120245130598205  0.020803895335325184  0.020803895335325465   -0.2288933916341837  -0.47378051238293034]
[-0.034990188547339686   0.07120245130598223    0.9244652962378078   -0.2631508799793863  -0.02360627439304003 -0.053370856872107894  0.025372429050668405 -0.048287391146204825]
[ -0.03499018854733965   0.07120245130598205   -0.2631508799793863    0.9244652962378073  -0.05337085687210791 -0.023606274393039955  0.025372429050668364  -0.04828739114620472]
[0.0031956195623322457  0.020803895335325184  -0.02360627439304003  -0.05337085687210791    1.0443233505210177   -0.6265544414106149 -0.014573868583047447 -0.003114884253632715]
[0.0031956195623321893  0.020803895335325465 -0.053370856872107894 -0.023606274393039955   -0.6265544414106149     1.044323350521018 -0.014573868583047418 -0.003114884253632861]
[ -0.05256452415347056   -0.2288933916341837  0.025372429050668405  0.025372429050668364 -0.014573868583047447 -0.014573868583047418    0.6321850525938382   -0.2016455253091491]
[  0.06757025937012097  -0.47378051238293034 -0.048287391146204825  -0.04828739114620472 -0.003114884253632715 -0.003114884253632861   -0.2016455253091491    0.3377128458103028], [    0.8479457736242141    0.05613634660464056   0.056136346605398284    0.05613634660464151    0.22569642171731794    0.22569642170775464    0.22569642171717494    -0.6770887056554954]
[   0.05613634660464056     0.5687052904237705 -0.0007002086794271409 -0.0007002086796521031    0.04204740662511866    0.04204740662392633    0.05725434595786532   -0.14134872888070696]
[  0.056136346605398284 -0.0007002086794271409     0.5687052904239692 -0.0007002086794265866   0.042047406627394174    0.05725434595437985    0.04204740662736124    -0.1413487288829318]
[   0.05613634660464151 -0.0007002086796521031 -0.0007002086794265866     0.5687052904237704    0.05725434595789381    0.04204740662392918    0.04204740662508855   -0.14134872888070807]
[   0.22569642171731794    0.04204740662511866   0.042047406627394174    0.05725434595789381     0.6897110569326251  -0.022124371368185656   -0.02212437133535882    -0.6454621139057117]
[   0.22569642170775464    0.04204740662392633    0.05725434595437985    0.04204740662392918  -0.022124371368185656     0.6897110569391418  -0.022124371368001782    -0.6454621138795853]
[   0.22569642171717494    0.05725434595786532    0.04204740662736124    0.04204740662508855   -0.02212437133535882  -0.022124371368001782     0.6897110569320586     -0.645462113905329]
[   -0.6770887056554954   -0.14134872888070696    -0.1413487288829318   -0.14134872888070807    -0.6454621139057117    -0.6454621138795853     -0.645462113905329     1.9363857449388473]], '\n\n\n')
Type 0 (6 flags) blocks: [6] 
Type 1 (8 flags) blocks: [4, 4] 
Type 2 (8 flags) blocks: [6, 2] 
Type 3 (8 flags) blocks: [6, 2] 
Type 4 (8 flags) blocks: [4, 4] 
Creating bases.....
Transforming matrices.....
Rounding matrices.....
Constructing R matrix.....
Constructing DR matrix.....~~~~~~~~
DR matrix has rank 5.
All eigenvalues appear to be positive.
Bound of 3/4 attained by:
3/4 : graph 0 (5:)
3/4 : graph 4 (5:12131415)
3/4 : graph 18 (5:121314253545)
3/4 : graph 19 (5:12131415232425)
3/4 : graph 31 (5:1213141523243545)
3/4 : graph 32 (5:121314152324253435)
Diagonalizing.....
Verifying.....
('\n\n\ninverse flag bases:\n', [[ 36/37      0      0  -6/73  -3/82]
[     0      1      0      0      0]
[     0      0      1      0      0]
[     0      0      0  37/73  -9/41]
[     0      0      0      0  73/82]
[ -6/37      0      0 -36/73  -9/41], [ 9/10     0     0|    0     0     0     0]
[    0   1/3     0|  1/2   1/3     0     0]
[    0   1/3     0| -1/2   1/3     0     0]
[    0   1/3     0|    0  -2/3     0     0]
[    0     0   1/3|    0     0   1/2   1/3]
[    0     0   1/3|    0     0  -1/2   1/3]
[    0     0   1/3|    0     0     0  -2/3]
[-3/10     0     0|    0     0     0     0], [   1    0    0    0    0    0|   0    0]
[   0  1/2    0    0    0    0| 1/2    0]
[   0  1/2    0    0    0    0|-1/2    0]
[   0    0    1    0    0    0|   0    0]
[   0    0    0    1    0    0|   0    0]
[   0    0    0    0  1/2    0|   0  1/2]
[   0    0    0    0  1/2    0|   0 -1/2]
[   0    0    0    0    0    1|   0    0], [   1    0    0    0    0|   0    0]
[   0  4/5    0    0 -1/6|   0    0]
[   0    0  1/2    0    0| 1/2    0]
[   0    0  1/2    0    0|-1/2    0]
[   0    0    0  1/2    0|   0  1/2]
[   0    0    0  1/2    0|   0 -1/2]
[   0    0    0    0  5/6|   0    0]
[   0 -2/5    0    0 -1/3|   0    0], [   1    0    0|   0    0    0    0]
[   0  1/3    0| 1/2  1/3    0    0]
[   0  1/3    0|-1/2  1/3    0    0]
[   0  1/3    0|   0 -2/3    0    0]
[   0    0 1/12|   0    0  1/2  1/3]
[   0    0 1/12|   0    0 -1/2  1/3]
[   0    0 1/12|   0    0    0 -2/3]
[   0    0 -1/4|   0    0    0    0]], '\n\n\n')
('\n\n\nexact qdash matrices:\n', [[96370910531461/198137711001600                          7/512                      -123/1024    1842977586697/8142645657600        16982259469/99300556800]
[                         7/512                       211/1024                      -149/1024                      -159/1024                           5/64]
[                     -123/1024                      -149/1024                        211/512                       217/1024                        -13/512]
[   1842977586697/8142645657600                      -159/1024                       217/1024                        311/256            321927671/838840320]
[       16982259469/99300556800                           5/64                        -13/512            321927671/838840320                        431/512], [897911597881/2229049248768                   -53/1024                      -7/64|                         0                          0                          0                          0]
[                  -53/1024                    923/512                    -55/256|                         0                          0                          0                          0]
[                     -7/64                    -55/256                    881/512|                         0                          0                          0                          0]
[--------------------------------------------------------------------------------+-----------------------------------------------------------------------------------------------------------]
[                         0                          0                          0|                 1399/1024                          0                   -65/1024                     49/512]
[                         0                          0                          0|                         0                  1049/1024                     49/512                    49/1024]
[                         0                          0                          0|                  -65/1024                     49/512                    653/512                          0]
[                         0                          0                          0|                    49/512                    49/1024                          0                    245/256], [  205/256  -89/1024  -21/1024  -81/1024   -17/512   -33/512|        0         0]
[ -89/1024 1055/1024    -9/128    -3/512   -77/512  -25/1024|        0         0]
[ -21/1024    -9/128  813/1024    -9/128   67/1024 -255/1024|        0         0]
[ -81/1024    -3/512    -9/128  485/1024    -9/512    -7/128|        0         0]
[  -17/512   -77/512   67/1024    -9/512     89/64 -335/1024|        0         0]
[  -33/512  -25/1024 -255/1024    -7/128 -335/1024   187/256|        0         0]
[-----------------------------------------------------------+-------------------]
[        0         0         0         0         0         0|  501/512   -81/512]
[        0         0         0         0         0         0|  -81/512 2439/1024], [ 755/1024 -119/1024    -9/128    7/1024  -65/1024|        0         0]
[-119/1024    111/64  195/1024    23/512 -157/1024|        0         0]
[   -9/128  195/1024   677/512   -79/512    31/512|        0         0]
[   7/1024    23/512   -79/512   107/128    -9/256|        0         0]
[ -65/1024 -157/1024    31/512    -9/256   233/256|        0         0]
[-------------------------------------------------+-------------------]
[        0         0         0         0         0|     19/8   61/1024]
[        0         0         0         0         0|  61/1024  1711/512], [  217/256    43/256 2773/1024|        0         0         0         0]
[   43/256 1743/1024 1737/1024|        0         0         0         0]
[2773/1024 1737/1024 15863/512|        0         0         0         0]
[-----------------------------+---------------------------------------]
[        0         0         0|  583/512         0      1/64  -23/1024]
[        0         0         0|        0  875/1024  -23/1024    -3/256]
[        0         0         0|     1/64  -23/1024   729/512         0]
[        0         0         0| -23/1024    -3/256         0 1093/1024]], '\n\n\n')
('\n\n\nexact q matrices:\n', [[1166022891719/2751912652800            1315785/56699392         -15122799/113398784    10681196033/343989081600        287022407/3098419200             -181847/1228800]
[           1315785/56699392                    211/1024                   -149/1024             -293763/3064832                    365/5248             810897/14174848]
[        -15122799/113398784                   -149/1024                     211/512              346271/3064832                  -949/41984             -563121/7087424]
[   10681196033/343989081600             -293763/3064832              346271/3064832    73545828637/275191265280         16107311/1859051520     -5145125731/18590515200]
[       287022407/3098419200                    365/5248                  -949/41984         16107311/1859051520             2296799/3442688     -6649452817/18590515200]
[            -181847/1228800             810897/14174848             -563121/7087424     -5145125731/18590515200     -6649452817/18590515200                 11803/24576], [ 897911597881/2751912652800                  -159/10240                  -159/10240                  -159/10240                     -21/640                     -21/640                     -21/640 -897911597881/8255737958400]
[                 -159/10240                  8057/12288                  -337/12288                      -7/256                   -31/12288                    -11/4096                     -17/256                    53/10240]
[                 -159/10240                  -337/12288                  8057/12288                      -7/256                    -11/4096                  -815/12288                      -1/384                    53/10240]
[                 -159/10240                      -7/256                      -7/256                   1007/1536                     -17/256                      -1/384                      -1/384                    53/10240]
[                    -21/640                   -31/12288                    -11/4096                     -17/256                   3787/6144                   -131/6144                     -11/512                       7/640]
[                    -21/640                    -11/4096                  -815/12288                      -1/384                   -131/6144                   3787/6144                     -11/512                       7/640]
[                    -21/640                     -17/256                      -1/384                      -1/384                     -11/512                     -11/512                    947/1536                       7/640]
[-897911597881/8255737958400                    53/10240                    53/10240                    53/10240                       7/640                       7/640                       7/640 897911597881/24767213875200], [   205/256   -89/2048   -89/2048   -21/1024   -81/1024   -17/1024   -17/1024    -33/512]
[  -89/2048  2057/4096    53/4096     -9/256    -3/1024   -79/1024      1/512   -25/2048]
[  -89/2048    53/4096  2057/4096     -9/256    -3/1024      1/512   -79/1024   -25/2048]
[  -21/1024     -9/256     -9/256   813/1024     -9/128    67/2048    67/2048  -255/1024]
[  -81/1024    -3/1024    -3/1024     -9/128   485/1024    -9/1024    -9/1024     -7/128]
[  -17/1024   -79/1024      1/512    67/2048    -9/1024  3863/4096 -1015/4096  -335/2048]
[  -17/1024      1/512   -79/1024    67/2048    -9/1024 -1015/4096  3863/4096  -335/2048]
[   -33/512   -25/2048   -25/2048  -255/1024     -7/128  -335/2048  -335/2048    187/256], [      755/1024    -2531/30720         -9/256         -9/256         7/2048         7/2048      -325/6144     1039/15360]
[   -2531/30720  270989/230400       437/6144       437/6144       107/5120       107/5120     -2107/9216 -109157/230400]
[        -9/256       437/6144      1893/2048      -539/2048       -97/4096      -219/4096       155/6144        -37/768]
[        -9/256       437/6144      -539/2048      1893/2048      -219/4096       -97/4096       155/6144        -37/768]
[        7/2048       107/5120       -97/4096      -219/4096      2139/2048     -1283/2048       -15/1024         -1/320]
[        7/2048       107/5120      -219/4096       -97/4096     -1283/2048      2139/2048       -15/1024         -1/320]
[     -325/6144     -2107/9216       155/6144       155/6144       -15/1024       -15/1024      5825/9216     -1859/9216]
[    1039/15360 -109157/230400        -37/768        -37/768         -1/320         -1/320     -1859/9216     9727/28800], [     217/256       43/768       43/768       43/768   2773/12288   2773/12288   2773/12288   -2773/4096]
[      43/768  10483/18432    -11/18432      -7/9216     173/4096    515/12288    703/12288    -579/4096]
[      43/768    -11/18432  10483/18432      -7/9216    515/12288    703/12288     173/4096    -579/4096]
[      43/768      -7/9216      -7/9216    5243/9216    703/12288     173/4096    515/12288    -579/4096]
[  2773/12288     173/4096    515/12288    703/12288  50851/73728  -1637/73728  -1625/73728 -15863/24576]
[  2773/12288    515/12288    703/12288     173/4096  -1637/73728  50851/73728  -1625/73728 -15863/24576]
[  2773/12288    703/12288     173/4096    515/12288  -1625/73728  -1625/73728  50839/73728 -15863/24576]
[  -2773/4096    -579/4096    -579/4096    -579/4096 -15863/24576 -15863/24576 -15863/24576   15863/8192]], '\n\n\n')
Written certificate.

